%% Initial mounts properties %%

%% Mounts Positions %%
r_1 = [900 476.267 440.66]'*1e-3 - [807.342 153.998 312.416]'*1e-3;
r_2 = [1133 -182.685 57]'*1e-3 - [807.342 153.998 312.416]'*1e-3;
r_3 = [619.09 -122 116.167]'*1e-3 - [807.342 153.998 312.416]'*1e-3;

%% Mounts Orientations %%
o_1 = [0 0 90]'*pi/180;
o_2 = [0 0 0]'*pi/180;
o_3 = [0 -10 0]'*pi/180;

%% Mounts Stiffness %%
k_l_1 = ([18.2 40 31])'*1e3*5;
k_l_2 = ([29.4 12.2 28])'*1e3*5;
k_l_3 = ([16 31.2 30])'*1e3*5;

%% Mounts Damping %%
eta = 0.01;
c_l_1 = eta*k_l_1;
c_l_2 = eta*k_l_2;
c_l_3 = eta*k_l_3;
% c_l_1 = diag([30 30 30]);
% c_l_2 = diag([30 30 30]);
% c_l_3 = diag([30 30 30]);

